* Measurement data measured by REW V5.31.1
* Source: Microphone (7- USB Sound Device        ), MICROPHONE (Master Volume), L, volume: 0.250
* Format: 256k Log Swept Sine, 1 sweep at -20.0 dBFS with no timing reference
* Dated: Jun 6, 2026 6:55:59 PM
* REW Settings:
*  C-weighting compensation: Off
*  Target level: 75.0 dB
* Note: 
* Measurement: L 41PRO UU GREEN 2167
* Smoothing: None
* Frequency Step: 1/48 octave
* Start Frequency: 20.300 Hz
*
* Freq(Hz) SPL(dB) Phase(degrees)
20.299999 89.072 -171.4790
20.600000 89.068 -172.1313
20.900000 89.056 -172.7217
21.200001 89.041 -173.3120
21.400000 89.030 -173.7050
21.799999 89.013 -174.4855
22.000000 89.006 -174.8725
22.400000 88.998 -175.6431
22.700001 88.996 -176.2228
23.000000 88.991 -176.8013
23.299999 88.982 -177.3606
23.600000 88.967 -177.8799
24.000000 88.941 -178.4928
24.299999 88.922 -178.9130
24.700001 88.904 -179.4931
25.000000 88.893 -179.9965
25.400000 88.870 179.2301
25.799999 88.834 178.4440
26.200001 88.792 177.8031
26.500000 88.773 177.4507
26.900000 88.776 177.0594
27.200001 88.794 176.6971
27.600000 88.804 176.0038
28.000000 88.751 175.1515
28.500000 88.573 174.3351
29.000000 88.360 174.2759
29.500000 88.264 174.6850
30.000000 88.333 174.5651
30.400000 88.435 173.7225
30.700001 88.491 172.7834
31.100000 88.514 171.5274
31.500000 88.493 170.6145
32.000000 88.461 170.0859
32.500000 88.460 169.8394
33.000000 88.460 169.4156
33.500000 88.421 168.7935
34.000000 88.354 168.1780
34.500000 88.298 167.6254
35.000000 88.266 167.0396
35.500000 88.239 166.4034
36.000000 88.201 165.8258
36.500000 88.158 165.3621
37.000000 88.119 164.9344
37.500000 88.080 164.4547
38.200001 88.020 163.7255
38.700001 87.977 163.2352
39.500000 87.914 162.5005
40.000000 87.874 162.0470
40.599998 87.822 161.5154
41.200001 87.768 160.9939
41.799999 87.717 160.4719
42.500000 87.656 159.8743
43.099998 87.603 159.3743
43.700001 87.546 158.8779
44.400002 87.478 158.3185
45.000000 87.422 157.8647
45.500000 87.378 157.4933
46.200001 87.315 156.9757
46.799999 87.256 156.5447
47.500000 87.186 156.0659
48.200001 87.121 155.6034
48.700001 87.079 155.2707
49.400002 87.018 154.7939
50.000000 86.958 154.3932
50.799999 86.871 153.8813
51.500000 86.794 153.4275
52.200001 86.717 153.0110
53.000000 86.639 152.6356
53.799999 86.572 152.2205
54.500000 86.497 151.7850
55.200001 86.407 151.4312
56.000000 86.321 151.1450
57.000000 86.232 150.7335
58.000000 86.127 150.3478
59.000000 86.028 150.0630
60.000000 85.944 149.7285
60.799999 85.866 149.4567
61.500000 85.794 149.2812
62.200001 85.734 149.0876
63.000000 85.672 148.7453
64.000000 85.591 148.3327
65.000000 85.520 147.9573
66.000000 85.425 147.5251
67.000000 85.324 147.2465
68.000000 85.244 146.8630
69.000000 85.139 146.4563
70.000000 85.042 146.2284
71.000000 84.952 145.9596
72.000000 84.852 145.6611
73.000000 84.753 145.2982
74.000000 84.655 145.1407
75.000000 84.587 145.0275
76.199997 84.399 144.4941
77.500000 84.257 144.6487
78.800003 84.215 144.4321
80.000000 84.089 144.6208
81.199997 83.946 144.3214
82.500000 83.856 144.1670
83.800003 83.743 144.1832
85.000000 83.673 144.2890
86.199997 83.586 144.1086
87.500000 83.554 144.0990
88.500000 83.385 143.7156
90.000000 83.248 143.9572
91.199997 83.178 143.7202
92.500000 83.049 143.7943
93.800003 82.928 143.5929
95.000000 82.838 143.3629
96.199997 82.734 143.5988
97.500000 82.647 143.6503
98.800003 82.546 143.7169
100.000000 82.460 143.7597
101.500000 82.309 143.9326
103.000000 82.224 144.0646
104.400002 82.130 144.2516
106.000000 81.985 144.5754
107.500000 81.864 144.7863
109.000000 81.755 144.8087
110.599998 81.668 145.1799
112.000000 81.529 145.4538
113.800003 81.449 145.5600
115.000000 81.429 146.0567
117.199997 81.234 146.2190
118.000000 81.185 146.2982
120.599998 81.007 147.0200
122.000000 80.959 147.1385
124.099998 80.858 147.7876
125.000000 80.820 147.9885
126.500000 80.723 148.3376
128.000000 80.600 148.4651
131.500000 80.504 149.4045
132.000000 80.458 149.5543
134.000000 80.359 149.7761
136.000000 80.301 150.6006
138.000000 80.186 151.0182
140.000000 80.114 151.1246
143.000000 80.019 152.1274
145.000000 79.964 152.6270
147.500000 79.890 153.1786
150.000000 79.831 153.9809
152.500000 79.743 154.4628
155.000000 79.685 154.9780
157.500000 79.638 155.6176
160.000000 79.589 156.4365
162.500000 79.504 157.0225
165.000000 79.516 157.5833
167.500000 79.398 158.1586
170.000000 79.425 158.5989
172.500000 79.313 159.0063
175.000000 79.308 158.9182
177.500000 79.333 160.0519
180.000000 79.299 160.8686
182.500000 79.272 161.0405
185.000000 79.238 161.8313
187.500000 79.264 162.1982
190.000000 79.199 162.4669
192.500000 79.212 163.0300
195.000000 79.197 163.5380
197.500000 79.176 163.7631
200.000000 79.167 164.4276
203.000000 79.176 164.5320
206.000000 79.142 165.2347
209.000000 79.154 165.6175
212.000000 79.125 166.1216
214.000000 79.131 166.3836
218.000000 79.138 166.9532
220.000000 79.143 166.9729
224.000000 79.149 167.5773
227.000000 79.131 167.8612
230.000000 79.137 168.2165
233.000000 79.140 168.6624
236.000000 79.144 168.8384
240.000000 79.177 169.1679
243.000000 79.129 169.4216
247.000000 79.115 169.9163
250.000000 79.061 170.3094
254.000000 79.170 171.0875
258.000000 79.117 172.1252
262.000000 79.144 171.3330
265.000000 79.089 171.1744
269.000000 79.162 171.8930
272.000000 79.194 172.3775
276.000000 79.149 172.4229
280.000000 79.174 173.0015
285.000000 79.147 173.1863
290.000000 79.213 173.4572
295.000000 79.205 174.0311
300.000000 79.177 174.9878
304.000000 79.211 174.4210
307.000000 79.213 174.7433
311.000000 79.219 175.0423
315.000000 79.256 174.7656
320.000000 79.258 175.1490
325.000000 79.280 175.2655
330.000000 79.258 175.3849
335.000000 79.253 175.7681
340.000000 79.280 176.0249
345.000000 79.277 176.1277
350.000000 79.296 176.1868
355.000000 79.285 176.5650
360.000000 79.274 176.8070
365.000000 79.266 176.9100
370.000000 79.264 176.9779
375.000000 79.262 177.1890
382.000000 79.263 177.3963
387.000000 79.241 177.7036
395.000000 79.238 177.8992
400.000000 79.232 178.1033
406.000000 79.227 178.4077
412.000000 79.210 178.5437
418.000000 79.220 178.8802
425.000000 79.211 179.1278
431.000000 79.210 179.3187
437.000000 79.201 179.4819
444.000000 79.174 179.6398
450.000000 79.164 179.8658
455.000000 79.172 179.9808
462.000000 79.164 -179.6401
468.000000 79.145 -179.6019
475.000000 79.178 -179.2514
482.000000 79.145 -179.0619
487.000000 79.103 -178.8044
494.000000 79.152 -178.7042
500.000000 79.106 -178.4251
508.000000 79.108 -178.3679
515.000000 79.076 -178.0052
522.000000 79.086 -177.7782
530.000000 79.061 -177.4120
538.000000 79.048 -177.0906
545.000000 79.048 -176.8875
552.000000 79.028 -176.5960
560.000000 79.020 -176.2816
570.000000 79.000 -175.8380
580.000000 78.981 -175.4760
590.000000 78.976 -175.0356
600.000000 78.981 -174.6265
608.000000 78.976 -174.2601
615.000000 78.975 -173.9583
622.000000 78.969 -173.6839
630.000000 78.966 -173.3291
640.000000 78.956 -172.9397
650.000000 78.962 -172.4312
660.000000 78.959 -172.3700
670.000000 78.969 -171.8544
680.000000 78.971 -171.3820
690.000000 78.971 -171.1237
700.000000 78.992 -170.7914
710.000000 78.980 -170.4589
720.000000 78.968 -170.0120
730.000000 78.982 -169.8108
740.000000 78.981 -169.4378
750.000000 78.971 -169.2221
762.000000 78.979 -168.6178
775.000000 78.917 -168.2343
788.000000 78.915 -167.6670
800.000000 78.911 -166.9711
812.000000 78.904 -166.5155
825.000000 78.895 -165.7634
838.000000 78.872 -165.1388
850.000000 78.919 -164.4164
862.000000 78.924 -163.9368
875.000000 78.946 -163.1327
885.000000 78.959 -162.5137
900.000000 79.002 -161.7157
912.000000 79.045 -161.1466
925.000000 79.073 -160.4029
938.000000 79.127 -159.8265
950.000000 79.182 -159.2464
962.000000 79.215 -158.6833
975.000000 79.288 -157.9604
988.000000 79.363 -157.4977
1000.000000 79.518 -156.4781
1015.000000 79.514 -156.3491
1030.000000 79.577 -155.6946
1044.000000 79.667 -155.2305
1060.000000 79.754 -154.6306
1075.000000 79.830 -154.3178
1090.000000 79.910 -153.8241
1106.000000 80.032 -153.5479
1120.000000 80.095 -153.1819
1138.000000 80.187 -152.8278
1150.000000 80.233 -152.6768
1172.000000 80.384 -152.3162
1180.000000 80.432 -152.0776
1206.000000 80.556 -151.7521
1220.000000 80.635 -151.6724
1241.000000 80.734 -151.2538
1250.000000 80.756 -151.3305
1265.000000 80.851 -151.2358
1280.000000 80.900 -150.9986
1315.000000 81.050 -150.5731
1320.000000 81.065 -150.5990
1340.000000 81.143 -150.3641
1360.000000 81.220 -150.0465
1380.000000 81.294 -149.9461
1400.000000 81.364 -149.6814
1430.000000 81.480 -149.4106
1450.000000 81.552 -149.2091
1475.000000 81.635 -149.0653
1500.000000 81.721 -148.5870
1525.000000 81.812 -148.3823
1550.000000 81.915 -148.0187
1575.000000 82.012 -147.7527
1600.000000 82.101 -147.4035
1625.000000 82.203 -147.0096
1650.000000 82.302 -146.7977
1675.000000 82.431 -146.3682
1700.000000 82.528 -146.1469
1725.000000 82.654 -145.8544
1750.000000 82.763 -145.5639
1775.000000 82.898 -145.2498
1800.000000 83.021 -145.1091
1825.000000 83.148 -144.7932
1850.000000 83.284 -144.5759
1875.000000 83.412 -144.3945
1900.000000 83.575 -144.2834
1925.000000 83.707 -144.0888
1950.000000 83.861 -143.9936
1975.000000 84.025 -143.9492
2000.000000 84.231 -144.2160
2030.000000 84.385 -143.9270
2060.000000 84.568 -143.9799
2090.000000 84.770 -144.0748
2120.000000 84.972 -144.2785
2140.000000 85.124 -144.4109
2180.000000 85.408 -144.8034
2200.000000 85.562 -144.9845
2240.000000 85.865 -145.5065
2270.000000 86.128 -146.0485
2300.000000 86.399 -146.6627
2330.000000 86.659 -147.8306
2360.000000 86.917 -149.1330
2400.000000 87.203 -151.0397
2430.000000 87.399 -152.5892
2470.000000 87.635 -154.8304
2500.000000 87.787 -156.6318
2540.000000 87.955 -158.9963
2580.000000 88.093 -161.6115
2620.000000 88.190 -164.3823
2650.000000 88.232 -166.4112
2690.000000 88.243 -169.1795
2720.000000 88.226 -171.2687
2760.000000 88.158 -173.9228
2800.000000 88.058 -176.5199
2850.000000 87.861 -179.4917
2900.000000 87.616 177.7563
2950.000000 87.372 175.3682
3000.000000 87.080 173.0482
3040.000000 86.815 171.9809
3070.000000 86.640 171.1482
3110.000000 86.374 170.0910
3150.000000 86.143 169.2545
3200.000000 85.826 168.4257
3250.000000 85.525 167.8272
3300.000000 85.247 167.5395
3350.000000 84.959 167.2556
3400.000000 84.721 167.3183
3450.000000 84.463 167.4454
3500.000000 84.269 167.9803
3550.000000 84.041 168.2305
3600.000000 83.867 168.7482
3650.000000 83.723 169.3561
3700.000000 83.560 169.8546
3750.000000 83.436 170.2080
3820.000000 83.248 170.9881
3870.000000 83.130 171.5110
3950.000000 82.909 172.7517
4000.000000 82.745 173.9116
4060.000000 82.660 175.4498
4120.000000 82.641 177.1746
4180.000000 82.676 178.8121
4250.000000 82.765 -179.4387
4310.000000 82.883 -178.2009
4370.000000 83.020 -177.1179
4440.000000 83.232 -175.7916
4500.000000 83.443 -175.1254
4550.000000 83.601 -174.9187
4620.000000 83.893 -174.4218
4680.000000 84.170 -174.5186
4750.000000 84.452 -174.5436
4820.000000 84.742 -175.5287
4870.000000 84.959 -176.4410
4940.000000 85.234 -177.8798
5000.000000 85.388 -179.4145
5080.000000 85.625 177.9447
5150.000000 85.756 175.6594
5220.000000 85.812 172.9898
5300.000000 85.763 169.7319
5380.000000 85.602 166.6396
5450.000000 85.388 163.9926
5520.000000 85.117 161.8088
5600.000000 84.727 159.6908
5700.000000 84.172 157.8958
5800.000000 83.601 156.9836
5900.000000 83.034 156.6844
6000.000000 82.497 157.2180
6080.000000 82.112 157.9485
6150.000000 81.775 158.7559
6220.000000 81.500 159.8279
6300.000000 81.190 161.0978
6400.000000 80.822 162.8555
6500.000000 80.495 164.8660
6600.000000 80.210 167.2467
6700.000000 79.995 169.2426
6800.000000 79.798 171.5872
6900.000000 79.635 174.0234
7000.000000 79.510 176.4275
7100.000000 79.424 178.9790
7200.000000 79.375 -178.1478
7300.000000 79.358 -175.6701
7400.000000 79.450 -172.7113
7500.000000 79.532 -170.0651
7620.000000 79.758 -167.0636
7750.000000 80.066 -164.0035
7880.000000 80.445 -161.4943
8000.000000 80.941 -159.4628
8120.000000 81.471 -158.5152
8250.000000 82.149 -158.0006
8380.000000 82.865 -158.8035
8500.000000 83.505 -160.8889
8620.000000 84.108 -164.3135
8750.000000 84.564 -169.7465
8850.000000 84.718 -174.8657
9000.000000 84.614 177.7219
9120.000000 84.141 172.5887
9250.000000 83.493 168.3280
9380.000000 82.785 165.9419
9500.000000 82.100 164.9391
9620.000000 81.517 164.9751
9750.000000 80.926 165.6240
9880.000000 80.468 167.5991
10000.000000 80.065 169.4013
10150.000000 79.896 172.2384
10300.000000 79.830 175.2626
10440.000000 79.905 177.3284
10600.000000 80.168 179.3044
10750.000000 80.643 -179.7946
10900.000000 81.188 179.7841
11060.000000 81.804 177.0688
11200.000000 82.250 171.4409
11380.000000 82.232 162.0676
11500.000000 81.608 155.3838
11720.000000 79.947 149.3007
11800.000000 79.247 148.8985
12060.000000 77.377 151.9810
12200.000000 76.701 155.0225
12410.000000 76.135 160.5497
12500.000000 75.945 163.0765
12650.000000 75.795 164.6078
12800.000000 75.630 167.6776
13150.000000 75.268 169.4275
13200.000000 75.203 169.4115
13400.000000 74.884 170.9320
13600.000000 74.449 171.7781
13800.000000 74.151 173.4395
14000.000000 73.882 174.9020
14300.000000 73.572 175.8215
14500.000000 73.551 175.5840
14750.000000 73.290 173.7841
15000.000000 72.851 170.7224
15250.000000 71.949 168.4365
15500.000000 71.008 167.4301
15750.000000 69.998 166.9076
16000.000000 68.967 165.8309
16250.000000 67.850 164.7301
16500.000000 65.217 170.4843
16750.000000 64.426 -178.9223
17000.000000 63.673 -170.7789
17250.000000 63.566 -160.2730
17500.000000 63.409 -153.5368
17750.000000 63.292 -142.0749
18000.000000 62.681 -137.1593
18250.000000 63.102 -128.0526
18500.000000 63.729 -104.5610
18750.000000 67.434 -92.2134
19000.000000 69.868 -104.3421
19250.000000 70.876 -110.1391
19500.000000 71.988 -116.9705
19750.000000 73.046 -130.5297
