* Measurement data measured by REW V5.31.1
* Source: Microphone (7- USB Sound Device        ), MICROPHONE (Master Volume), L, volume: 0.250
* Format: 256k Log Swept Sine, 1 sweep at -20.0 dBFS with no timing reference
* Dated: Jun 6, 2026 7:10:34 PM
* REW Settings:
*  C-weighting compensation: Off
*  Target level: 75.0 dB
* Note: 
* Measurement: L 41PRO DU GREEN 2173
* Smoothing: None
* Frequency Step: 1/48 octave
* Start Frequency: 20.300 Hz
*
* Freq(Hz) SPL(dB) Phase(degrees)
20.299999 84.615 -172.0955
20.600000 84.606 -172.7585
20.900000 84.592 -173.3443
21.200001 84.580 -173.9203
21.400000 84.574 -174.3044
21.799999 84.567 -175.0763
22.000000 84.564 -175.4636
22.400000 84.558 -176.2325
22.700001 84.552 -176.7941
23.000000 84.543 -177.3341
23.299999 84.532 -177.8504
23.600000 84.519 -178.3465
24.000000 84.501 -178.9893
24.299999 84.488 -179.4711
24.700001 84.470 179.8716
25.000000 84.456 179.3644
25.400000 84.436 178.6785
25.799999 84.412 178.0063
26.200001 84.386 177.3734
26.500000 84.368 176.9301
26.900000 84.347 176.3715
27.200001 84.333 175.9623
27.600000 84.317 175.4109
28.000000 84.298 174.8447
28.500000 84.269 174.1310
29.000000 84.236 173.4366
29.500000 84.204 172.7607
30.000000 84.177 172.0775
30.400000 84.156 171.5190
30.700001 84.138 171.1012
31.100000 84.111 170.5648
31.500000 84.081 170.0662
32.000000 84.042 169.4955
32.500000 84.001 168.9570
33.000000 83.959 168.4218
33.500000 83.918 167.8796
34.000000 83.878 167.3236
34.500000 83.842 166.7444
35.000000 83.805 166.1493
35.500000 83.764 165.5797
36.000000 83.721 165.0781
36.500000 83.684 164.6341
37.000000 83.657 164.1779
37.500000 83.631 163.6561
38.200001 83.573 162.8974
38.700001 83.517 162.4637
39.500000 83.441 161.9674
40.000000 83.409 161.6011
40.599998 83.365 160.9884
41.200001 83.299 160.3168
41.799999 83.225 159.7751
42.500000 83.159 159.3060
43.099998 83.116 158.8752
43.700001 83.056 158.3837
44.400002 82.961 157.8722
45.000000 82.881 157.5312
45.500000 82.827 157.2521
46.200001 82.759 156.8495
46.799999 82.705 156.6079
47.500000 82.672 156.4766
48.200001 82.679 156.2135
48.700001 82.682 155.8242
49.400002 82.648 155.1562
50.000000 82.593 154.6879
50.799999 82.525 154.1967
51.500000 82.473 153.6862
52.200001 82.406 153.1168
53.000000 82.317 152.5590
53.799999 82.237 152.0810
54.500000 82.172 151.6561
55.200001 82.107 151.2353
56.000000 82.032 150.7801
57.000000 81.934 150.2445
58.000000 81.831 149.7420
59.000000 81.731 149.2616
60.000000 81.637 148.8186
60.799999 81.562 148.4670
61.500000 81.492 148.1772
62.200001 81.424 147.9087
63.000000 81.351 147.5737
64.000000 81.250 147.1630
65.000000 81.148 146.8247
66.000000 81.049 146.4305
67.000000 80.954 146.0573
68.000000 80.868 145.7227
69.000000 80.771 145.4763
70.000000 80.670 145.2897
71.000000 80.566 144.9980
72.000000 80.457 144.7035
73.000000 80.362 144.4510
74.000000 80.270 144.2049
75.000000 80.168 143.9815
76.199997 80.036 143.7282
77.500000 79.942 143.4950
78.800003 79.830 143.1940
80.000000 79.687 143.2865
81.199997 79.576 143.1016
82.500000 79.444 142.8545
83.800003 79.347 142.8798
85.000000 79.234 142.7102
86.199997 79.116 142.5852
87.500000 79.004 142.4810
88.500000 78.920 142.4718
90.000000 78.781 142.4603
91.199997 78.667 142.5487
92.500000 78.559 142.5404
93.800003 78.443 142.5066
95.000000 78.375 142.4391
96.199997 78.239 142.5012
97.500000 78.124 142.7129
98.800003 78.044 142.7118
100.000000 77.948 142.9137
101.500000 77.832 143.2009
103.000000 77.688 143.0825
104.400002 77.613 143.7724
106.000000 77.428 143.3094
107.500000 77.354 143.8499
109.000000 77.263 143.5535
110.599998 77.154 144.1478
112.000000 77.075 144.2468
113.800003 76.924 144.7052
115.000000 76.863 144.7936
117.199997 76.717 145.3609
118.000000 76.671 145.4332
120.599998 76.513 145.9028
122.000000 76.445 146.2831
124.099998 76.313 146.6894
125.000000 76.273 146.8460
126.500000 76.189 147.2125
128.000000 76.116 147.5380
131.500000 75.928 148.4130
132.000000 75.914 148.5567
134.000000 75.822 149.1263
136.000000 75.771 149.5110
138.000000 75.661 150.1558
140.000000 75.573 150.4589
143.000000 75.479 151.2255
145.000000 75.419 151.7565
147.500000 75.342 152.4626
150.000000 75.252 152.9973
152.500000 75.180 153.6486
155.000000 75.122 154.3778
157.500000 75.068 154.9540
160.000000 74.993 155.5575
162.500000 74.938 156.1187
165.000000 74.883 156.5994
167.500000 74.849 157.4850
170.000000 74.781 157.7988
172.500000 74.752 158.6460
175.000000 74.704 159.0608
177.500000 74.660 159.5963
180.000000 74.641 159.8538
182.500000 74.557 160.5355
185.000000 74.630 161.5518
187.500000 74.469 162.0757
190.000000 74.435 162.2910
192.500000 74.443 163.1049
195.000000 74.451 164.0945
197.500000 74.449 165.5134
200.000000 74.566 165.5974
203.000000 74.596 165.9457
206.000000 74.634 166.3721
209.000000 74.705 166.5646
212.000000 74.681 167.3834
214.000000 74.683 167.0391
218.000000 74.696 167.2985
220.000000 74.680 167.6878
224.000000 74.678 167.9690
227.000000 74.690 168.4393
230.000000 74.673 168.6959
233.000000 74.674 168.8974
236.000000 74.703 169.3406
240.000000 74.690 169.4319
243.000000 74.665 169.8749
247.000000 74.674 170.2037
250.000000 74.682 170.4660
254.000000 74.705 170.8751
258.000000 74.738 171.2504
262.000000 74.714 171.5901
265.000000 74.699 171.6259
269.000000 74.719 172.0213
272.000000 74.715 172.1779
276.000000 74.721 172.4218
280.000000 74.723 172.7206
285.000000 74.725 173.1256
290.000000 74.734 173.2535
295.000000 74.704 173.5969
300.000000 74.723 173.8699
304.000000 74.738 174.1139
307.000000 74.757 174.2479
311.000000 74.745 174.3596
315.000000 74.751 174.7307
320.000000 74.757 174.8482
325.000000 74.745 175.1296
330.000000 74.748 175.3466
335.000000 74.742 175.6130
340.000000 74.736 175.8383
345.000000 74.742 176.0570
350.000000 74.756 176.3436
355.000000 74.719 176.5623
360.000000 74.729 176.6629
365.000000 74.729 176.9314
370.000000 74.719 177.0783
375.000000 74.705 177.3175
382.000000 74.702 177.5862
387.000000 74.697 177.8567
395.000000 74.688 178.2226
400.000000 74.679 178.4713
406.000000 74.674 178.8022
412.000000 74.681 179.0092
418.000000 74.688 179.4464
425.000000 74.659 179.6976
431.000000 74.702 179.8511
437.000000 74.681 -179.8905
444.000000 74.708 -179.5996
450.000000 74.689 -179.4396
455.000000 74.702 -179.3994
462.000000 74.671 -179.1891
468.000000 74.682 -179.0992
475.000000 74.659 -178.7213
482.000000 74.668 -178.5751
487.000000 74.667 -178.3603
494.000000 74.668 -178.0956
500.000000 74.627 -177.9177
508.000000 74.639 -177.7538
515.000000 74.606 -177.3967
522.000000 74.607 -177.1364
530.000000 74.604 -176.8357
538.000000 74.600 -176.6877
545.000000 74.584 -176.2963
552.000000 74.587 -176.0022
560.000000 74.548 -175.7698
570.000000 74.558 -175.4176
580.000000 74.544 -175.0226
590.000000 74.542 -174.6628
600.000000 74.532 -174.2516
608.000000 74.530 -173.8378
615.000000 74.535 -173.7502
622.000000 74.543 -173.2628
630.000000 74.527 -172.8825
640.000000 74.522 -172.6766
650.000000 74.544 -172.1602
660.000000 74.511 -171.8168
670.000000 74.513 -171.5086
680.000000 74.531 -171.1162
690.000000 74.530 -170.9204
700.000000 74.535 -170.4842
710.000000 74.524 -170.0615
720.000000 74.547 -169.7565
730.000000 74.536 -169.4491
740.000000 74.519 -169.0659
750.000000 74.512 -168.6921
762.000000 74.494 -168.2674
775.000000 74.496 -167.7322
788.000000 74.482 -167.2313
800.000000 74.460 -166.6910
812.000000 74.445 -166.1129
825.000000 74.443 -165.4375
838.000000 74.449 -164.6122
850.000000 74.459 -164.1125
862.000000 74.484 -163.4756
875.000000 74.512 -162.7189
885.000000 74.512 -162.2218
900.000000 74.545 -161.3893
912.000000 74.599 -160.5635
925.000000 74.620 -160.0496
938.000000 74.670 -159.4257
950.000000 74.730 -158.8115
962.000000 74.775 -158.2512
975.000000 74.830 -157.5150
988.000000 74.889 -157.0386
1000.000000 75.004 -157.2256
1015.000000 75.041 -155.9606
1030.000000 75.123 -155.3190
1044.000000 75.188 -154.9660
1060.000000 75.299 -154.3007
1075.000000 75.368 -153.9461
1090.000000 75.469 -153.5079
1106.000000 75.555 -153.1271
1120.000000 75.623 -152.8689
1138.000000 75.733 -152.4661
1150.000000 75.793 -152.2339
1172.000000 75.928 -151.8024
1180.000000 75.968 -151.7775
1206.000000 76.071 -151.3605
1220.000000 76.143 -151.1827
1241.000000 76.247 -150.8283
1250.000000 76.287 -150.8438
1265.000000 76.355 -150.6096
1280.000000 76.425 -150.3646
1315.000000 76.579 -150.2031
1320.000000 76.574 -150.0382
1340.000000 76.646 -149.9027
1360.000000 76.707 -149.6173
1380.000000 76.790 -149.3138
1400.000000 76.846 -149.0671
1430.000000 76.972 -148.7409
1450.000000 77.035 -148.6367
1475.000000 77.127 -148.1041
1500.000000 77.226 -147.9899
1525.000000 77.287 -147.6735
1550.000000 77.394 -147.1595
1575.000000 77.488 -146.9563
1600.000000 77.586 -146.4763
1625.000000 77.681 -146.2611
1650.000000 77.772 -145.7815
1675.000000 77.885 -145.6099
1700.000000 78.000 -145.1490
1725.000000 78.103 -144.7909
1750.000000 78.203 -144.6781
1775.000000 78.347 -144.1842
1800.000000 78.464 -143.9144
1825.000000 78.586 -143.6808
1850.000000 78.719 -143.5114
1875.000000 78.857 -143.1873
1900.000000 78.990 -143.0011
1925.000000 79.143 -142.7957
1950.000000 79.276 -142.5763
1975.000000 79.430 -142.4297
2000.000000 79.589 -141.9930
2030.000000 79.761 -142.2109
2060.000000 79.961 -141.9892
2090.000000 80.173 -141.8081
2120.000000 80.411 -141.5256
2140.000000 80.612 -141.5433
2180.000000 81.009 -142.0870
2200.000000 81.203 -142.4120
2240.000000 81.547 -143.6409
2270.000000 81.761 -144.5678
2300.000000 81.999 -145.5352
2330.000000 82.223 -146.5674
2360.000000 82.436 -147.7575
2400.000000 82.695 -149.4639
2430.000000 82.883 -150.8603
2470.000000 83.124 -152.9585
2500.000000 83.292 -154.6918
2540.000000 83.462 -157.0922
2580.000000 83.608 -159.5219
2620.000000 83.705 -162.1687
2650.000000 83.751 -164.1637
2690.000000 83.774 -166.9347
2720.000000 83.756 -168.9453
2760.000000 83.705 -171.5911
2800.000000 83.597 -174.1849
2850.000000 83.419 -177.1689
2900.000000 83.194 -179.9077
2950.000000 82.924 177.7167
3000.000000 82.623 175.3029
3040.000000 82.400 174.3637
3070.000000 82.212 173.3269
3110.000000 81.959 172.3163
3150.000000 81.724 171.4369
3200.000000 81.404 170.7502
3250.000000 81.085 170.0269
3300.000000 80.811 169.6187
3350.000000 80.524 169.4402
3400.000000 80.254 169.3395
3450.000000 79.996 169.5960
3500.000000 79.760 169.9348
3550.000000 79.518 170.2830
3600.000000 79.291 171.0208
3650.000000 79.080 171.8269
3700.000000 78.903 172.6967
3750.000000 78.770 173.8813
3820.000000 78.639 175.3564
3870.000000 78.552 176.4706
3950.000000 78.469 178.0374
4000.000000 78.524 178.9984
4060.000000 78.444 -179.6428
4120.000000 78.468 -178.4860
4180.000000 78.510 -177.2674
4250.000000 78.563 -175.6549
4310.000000 78.680 -174.8794
4370.000000 78.820 -173.7349
4440.000000 79.009 -172.7519
4500.000000 79.224 -172.2766
4550.000000 79.362 -171.8320
4620.000000 79.617 -171.5647
4680.000000 79.853 -171.4243
4750.000000 80.126 -171.7052
4820.000000 80.405 -172.1761
4870.000000 80.604 -172.8657
4940.000000 80.891 -174.0445
5000.000000 81.107 -175.5520
5080.000000 81.336 -177.6594
5150.000000 81.519 -179.8444
5220.000000 81.612 177.4952
5300.000000 81.618 174.2660
5380.000000 81.510 170.9863
5450.000000 81.317 168.3612
5520.000000 81.066 166.0495
5600.000000 80.685 163.8510
5700.000000 80.162 161.7910
5800.000000 79.624 160.8986
5900.000000 79.101 160.5266
6000.000000 78.602 160.4387
6080.000000 78.216 161.2381
6150.000000 77.883 162.2019
6220.000000 77.615 162.9180
6300.000000 77.298 164.3033
6400.000000 76.987 165.6600
6500.000000 76.618 167.6308
6600.000000 76.375 169.3191
6700.000000 76.172 171.6018
6800.000000 75.966 173.7896
6900.000000 75.809 176.2538
7000.000000 75.695 178.8624
7100.000000 75.588 -179.1062
7200.000000 75.654 -176.5197
7300.000000 75.661 -173.8633
7400.000000 75.780 -171.1576
7500.000000 75.962 -168.7166
7620.000000 76.197 -166.1450
7750.000000 76.611 -163.6633
7880.000000 77.032 -161.9484
8000.000000 77.568 -161.2030
8120.000000 78.228 -161.0814
8250.000000 78.903 -162.3148
8380.000000 79.612 -164.9975
8500.000000 80.116 -169.2026
8620.000000 80.474 -174.6728
8750.000000 80.511 178.1568
8850.000000 80.300 172.9850
9000.000000 79.694 166.5303
9120.000000 78.946 162.5943
9250.000000 78.142 160.5441
9380.000000 77.314 159.7285
9500.000000 76.645 160.0116
9620.000000 76.029 161.1471
9750.000000 75.527 162.3857
9880.000000 75.105 164.9560
10000.000000 74.858 167.7955
10150.000000 74.622 170.4152
10300.000000 74.676 173.3860
10440.000000 74.798 175.7076
10600.000000 75.108 177.4939
10750.000000 75.536 178.1816
10900.000000 76.155 176.9981
11060.000000 76.676 173.0157
11200.000000 76.920 166.8854
11380.000000 76.574 157.6898
11500.000000 75.823 152.6039
11720.000000 74.024 148.1640
11800.000000 73.333 148.6232
12060.000000 71.627 152.5591
12200.000000 71.021 155.7504
12410.000000 70.467 161.8125
12500.000000 70.290 163.8008
12650.000000 70.081 166.0248
12800.000000 69.943 167.8934
13150.000000 69.483 171.9548
13200.000000 69.379 173.0152
13400.000000 68.971 173.8497
13600.000000 68.642 175.3499
13800.000000 68.475 177.8474
14000.000000 68.099 -179.7524
14300.000000 67.924 -177.8920
14500.000000 67.963 -177.0558
14750.000000 67.733 -177.9439
15000.000000 67.656 -178.7921
15250.000000 67.130 177.4525
15500.000000 66.275 175.5616
15750.000000 65.550 174.0351
16000.000000 64.932 175.4493
16250.000000 63.761 170.3128
16500.000000 61.335 171.4219
16750.000000 59.713 -176.6430
17000.000000 59.533 -170.0262
17250.000000 59.029 -159.8026
17500.000000 59.024 -154.1082
17750.000000 59.168 -142.2927
18000.000000 58.939 -136.8139
18250.000000 59.242 -123.6267
18500.000000 58.906 -102.7055
18750.000000 64.643 -94.0520
19000.000000 66.970 -112.5511
19250.000000 67.817 -126.0232
19500.000000 67.945 -143.9100
19750.000000 67.279 -158.8366
